Saídas:
Base 59 sequencial: 17303 15804 15769
Base 161 sequencial: 21175 21140 20835
Base 256 sequencial: 45117 44798 42491
Base 1380 sequencial: 32874 33477 32458
Base 1601 sequencial: 79293 79999 78778

Base 59 2 Threads: 8788 8389 8357
Base 161 2 Threads: 12187 11737 11936
Base 256 2 Threads: 24420 24366 23874
Base 1380 2 Threads: 21145 18667 19561
Base 1601 2 Threads: 46888 44358 45524

Base 59 3 Threads: 8060 6500 6360
Base 161 3 Threads: 10247 8910 9026
Base 256 3 Threads: 17385 17162 17862
Base 1380 3 Threads: 16337 14244 17427
Base 1601 3 Threads: 34544 33726 32305

Base 59 4 Threads: 6258 5142 5367
Base 161 4 Threads: 8356 7505 9152
Base 256 4 Threads: 16594 16332 16634
Base 1380 4 Threads: 14609 13327 15128
Base 1601 4 Threads: 29697 30413 29804

Base 59 5 Threads: 8259 7589 7523
Base 161 5 Threads: 10785 9828 10366
Base 256 5 Threads: 19762 21157 20935
Base 1380 5 Threads: 17359 13486 14939
Base 1601 5 Threads: 30759 28115 27824

Base 59 6 Threads: 7262 7229 7496
Base 161 6 Threads: 9471 8870 8897
Base 256 6 Threads: 20850 19607 20238
Base 1380 6 Threads: 17292 13963 12327
Base 1601 6 Threads: 32987 27062 30824

Base 59 8 Threads: 6155 5488 5592
Base 161 8 Threads: 9215 9127 9175
Base 256 8 Threads: 16879 17454 17365
Base 1380 8 Threads: 17268 14689 15038
Base 1601 8 Threads: 32318 32162 33382

Base 59 10 Threads: 6167 5868 5828
Base 161 10 Threads: 8650 8127 8183
Base 256 10 Threads: 18168 17874 17980
Base 1380 10 Threads: 16031 14351 16491
Base 1601 10 Threads: 30755 31059 27186